                                                                                                     
                                                                                                     
                                                                                                     
                                                                                                     
                                                                                                     
                                                                                                     
                                                                                                     
                                                                                                     
                                                                                                     
                                                                                                     
                                                                                                     
                                                                                                     
                                                                                                     
                                                                                                     
                                                                                                     
                                                                                                     
                                                                                                     
                                                                                                     
                                                                                                     
                                                                                                     
                                                                                                     
                                                                                                     
                                                                                                     
                                                                                                     
                                                                                                     
                                                                                                     
                                                                                                     
                                                                                                     
                                                                                                     
                                                                                                     
                                                                                                     
                                                                                                     
                                                                                                     
                                                                                                     
                                                                                                     
                                                                                                     
                                                                                                     
                                                                                                     
                                                                                                     
                                                                                                     
                                                                                                     
                                                                                                     
                                                                                                     
                                                                                                     
                                                                                                     
                                                                                                     
                                              0   2                                                  
                                                                                                     
                                              0   2  1                                               
                                                      1                                              
                                              0   2  11                                              
                                                     11                                              
                                              0                                                      
                                                  2                                                  
                                                  2                                                  
                                             0                                                       
                                                                                                     
                                                                                                     
                                                                                                     
                                                                                                     
                                                                                                     
                                                                                                     
                                                                                                     
                                                                                                     
                                                                                                     
                                                                                                     
                                                                                                     
                                                                                                     
                                                                                                     
                                                                                                     
                                                                                                     
                                                                                                     
                                                                                                     
                                                                                                     
                                                                                                     
                                                                                                     
                                                                                                     
                                                                                                     
                                                                                                     
                                                                                                     
                                                                                                     
                                                                                                     
                                                                                                     
                                                                                                     
                                                                                                     
                                                                                                     
                                                                                                     
                                                                                                     
                                                                                                     
                                                                                                     
                                                                                                     
                                                                                                     
                                                                                                     
                                                                                                     
                                                                                                     
                                                                                                     
                                                                                                     
                                                                                                     
                                                                                                     
                                                                                                     
                                                                                                     
